//Gerado cenario 4 ratos, densidade: 0.800000
int micePosition[] = {8,3,7,7,};
int holeCapacity[] = {0,0,2,0,0,3,0,0,};
//Gerado cenario 5 ratos, densidade: 0.833333
int micePosition[] = {3,3,4,10,9,};
int holeCapacity[] = {0,0,0,0,3,2,0,1,0,0,};
//Gerado cenario 6 ratos, densidade: 0.857143
int micePosition[] = {4,5,10,1,7,7,};
int holeCapacity[] = {0,5,0,0,0,0,0,2,0,0,0,0,};
//Gerado cenario 8 ratos, densidade: 0.800000
int micePosition[] = {13,13,1,13,9,15,10,11,};
int holeCapacity[] = {1,0,0,0,0,0,3,3,1,0,0,0,0,2,0,0,};
//Gerado cenario 10 ratos, densidade: 0.833333
int micePosition[] = {12,17,6,9,12,5,5,5,19,20,};
int holeCapacity[] = {0,5,0,2,0,0,0,0,1,0,1,0,0,1,0,0,0,2,0,0,};
//Gerado cenario 20 ratos, densidade: 0.800000
int micePosition[] = {8,33,15,13,39,35,1,27,39,32,20,37,39,29,5,13,25,9,1,21,};
int holeCapacity[] = {0,0,0,0,0,0,0,0,0,2,3,0,0,0,0,0,0,5,0,0,0,0,0,4,0,4,0,0,0,0,0,0,0,0,0,0,0,7,0,0,};
//Gerado cenario 100 ratos, densidade: 0.800000
int micePosition[] = {163,155,133,20,106,19,172,109,45,128,71,84,140,143,80,166,142,131,27,100,177,121,12,23,127,81,90,21,53,28,46,121,37,128,31,190,113,196,151,113,18,64,156,61,119,5,102,60,171,155,20,180,199,165,88,181,171,168,151,6,151,29,25,7,169,151,7,118,195,139,153,183,17,172,105,11,100,62,27,23,48,76,162,116,66,20,12,115,198,108,116,2,133,22,159,135,123,105,161,37,};
int holeCapacity[] = {0,0,0,0,0,0,0,0,0,0,0,0,0,0,0,5,6,1,0,3,0,0,0,4,0,0,1,0,0,2,3,0,2,2,0,0,0,0,0,0,0,0,0,2,0,2,0,0,0,0,0,0,0,0,0,0,0,1,0,0,0,3,0,0,0,3,0,2,1,0,1,0,5,0,1,0,0,0,1,0,0,0,0,0,0,0,5,0,0,0,4,0,0,0,0,0,0,0,0,2,0,0,0,0,0,0,0,0,0,0,0,0,0,0,0,0,0,3,0,0,2,0,4,8,4,4,0,0,0,0,0,1,0,0,0,0,0,4,0,0,0,0,0,0,0,0,3,0,0,0,0,0,0,2,0,0,0,1,0,0,0,0,0,0,0,0,0,0,0,0,1,0,2,0,5,1,0,2,0,3,3,0,0,0,0,0,0,0,0,0,0,2,0,3,0,2,0,0,0,3,};
//Gerado cenario 300 ratos, densidade: 0.800000
int micePosition[] = {148,200,510,391,423,71,100,570,21,15,557,129,288,87,553,358,337,580,96,553,350,290,490,113,547,480,337,363,244,290,124,289,557,358,195,336,336,283,149,289,11,303,207,207,164,555,460,148,12,415,346,585,10,538,313,133,105,127,70,6,471,50,150,87,511,282,411,492,231,227,108,228,564,506,151,291,90,99,497,149,246,432,517,283,411,553,529,198,130,483,531,477,182,19,366,445,306,468,566,110,113,302,171,88,190,375,339,124,239,500,330,444,128,389,128,60,72,599,446,265,250,406,227,437,82,206,512,169,533,390,13,220,152,79,61,69,590,518,209,200,464,151,359,164,161,259,342,484,45,271,393,548,75,335,351,341,95,330,103,65,118,2,244,323,552,328,172,94,589,319,425,75,506,2,275,305,216,99,574,154,527,314,104,148,436,560,468,482,369,383,227,128,59,164,255,476,332,86,119,247,229,98,96,60,97,587,532,225,165,363,344,525,391,541,144,547,598,157,537,390,558,360,524,193,412,330,101,471,191,95,276,477,248,370,426,302,50,85,366,409,258,183,23,399,399,337,315,75,335,264,255,340,422,25,460,79,383,322,247,328,275,242,376,290,27,528,434,594,277,127,221,223,144,174,352,69,2,531,293,3,186,158,15,479,213,407,406,462,161,321,98,510,129,529,266,81,51,158,348,577,};
int holeCapacity[] = {0,5,0,0,0,0,4,0,0,0,1,0,0,0,0,3,0,0,1,0,0,0,3,0,0,0,3,0,0,0,0,0,0,0,0,0,0,0,0,0,3,0,0,0,0,0,0,0,0,0,0,0,0,0,0,0,4,0,0,4,0,0,0,0,0,0,0,0,0,4,0,0,0,0,0,0,0,1,7,0,0,0,0,5,0,0,1,0,3,0,0,0,0,0,3,0,0,0,4,0,0,4,5,0,0,4,0,2,1,1,3,0,5,0,0,0,0,0,0,2,2,1,0,0,0,1,0,0,0,0,0,1,0,0,0,1,4,0,0,0,0,4,0,0,0,0,0,0,0,0,1,0,2,0,1,0,1,4,0,0,0,0,0,0,1,0,2,0,0,0,0,0,5,0,0,0,0,0,1,0,0,3,0,0,3,0,0,0,0,1,0,0,0,4,0,0,0,0,0,0,0,0,0,4,0,0,0,0,0,0,3,0,0,0,1,0,0,1,0,0,0,0,1,0,0,1,0,0,2,2,0,0,0,2,0,0,0,0,3,0,0,0,0,0,0,0,1,0,0,0,0,0,0,0,0,0,4,4,0,0,0,3,0,0,0,0,0,0,0,0,0,1,0,0,0,0,0,3,0,1,1,0,5,0,0,6,0,1,0,0,7,0,3,0,0,0,0,0,0,4,5,0,0,0,0,0,0,0,0,0,0,2,3,0,0,0,0,0,3,0,0,2,0,4,0,0,0,0,0,2,0,0,0,0,0,0,0,0,0,0,0,0,0,0,0,0,3,0,0,0,1,0,0,0,0,0,0,0,0,0,2,0,1,0,0,0,0,0,1,0,2,0,0,0,0,0,0,1,0,0,1,0,0,0,0,0,0,0,3,0,0,0,3,0,5,0,0,0,5,0,0,0,0,0,0,3,0,4,0,0,0,0,0,0,0,4,0,0,0,0,5,0,0,0,0,0,0,0,0,0,0,0,3,0,5,8,0,0,0,3,0,1,0,1,0,2,2,0,0,0,0,0,4,0,0,0,0,0,0,0,0,6,0,4,0,0,0,0,0,0,2,0,0,0,0,0,0,0,0,0,0,5,1,0,0,0,0,1,0,1,5,0,0,0,2,0,0,0,0,3,0,0,1,0,0,0,0,0,0,0,0,0,0,0,0,0,0,0,0,0,5,4,0,0,0,0,0,1,0,0,0,2,0,0,1,1,0,0,3,0,0,0,1,0,4,0,0,0,1,0,0,0,1,0,0,0,4,0,0,0,0,2,2,0,0,0,0,3,2,0,2,0,0,0,3,1,0,0,0,0,2,0,0,0,0,0,0,3,2,0,0,0,0,0,4,0,3,0,0,0,};
//Gerado cenario 500 ratos, densidade: 0.800000
int micePosition[] = {968,182,93,333,33,170,263,158,59,230,468,623,164,575,546,761,769,593,82,768,771,259,562,1,452,207,630,13,890,139,24,664,255,137,574,533,371,40,851,273,178,194,398,612,559,331,966,830,248,485,774,94,786,7,223,396,538,159,973,592,664,110,528,711,569,224,267,162,904,678,874,786,768,586,297,473,926,725,243,601,993,659,57,957,762,963,580,510,872,791,425,651,929,103,70,638,918,319,367,648,474,865,311,660,164,607,544,348,546,329,738,588,977,393,585,78,376,161,354,421,21,477,730,38,902,689,524,790,2,815,927,656,664,155,934,664,171,533,720,545,511,821,380,495,811,224,848,669,581,93,46,390,453,396,149,825,712,138,233,57,610,861,856,786,780,618,884,507,833,136,60,461,360,260,914,302,247,552,326,845,909,998,733,735,605,852,151,214,712,91,160,444,343,722,387,633,28,875,893,164,979,749,29,632,408,820,13,648,554,732,603,555,931,569,244,834,637,854,950,657,948,892,303,182,698,815,493,118,182,751,552,81,613,3,433,883,999,637,945,369,332,165,933,550,615,303,646,975,387,220,879,898,258,832,757,4,346,134,182,905,441,300,489,151,726,948,472,165,160,744,554,291,710,638,916,5,2,698,745,458,304,820,914,649,754,947,964,605,126,14,943,600,569,951,60,667,953,338,841,551,800,967,162,951,97,228,825,830,419,524,229,784,325,823,427,542,901,336,53,559,198,590,291,872,542,555,80,692,291,163,869,312,977,668,1,910,978,448,586,911,252,668,93,749,460,664,44,516,209,537,522,206,138,354,258,711,997,731,691,659,677,238,528,217,25,786,545,897,541,444,888,852,831,702,55,276,640,775,759,625,307,411,109,583,763,538,603,865,937,14,863,839,77,779,340,864,358,321,907,486,710,889,873,372,120,244,19,323,662,796,222,566,42,671,887,507,118,112,608,206,519,103,215,254,996,245,671,99,811,762,383,243,906,635,535,69,542,726,905,186,801,144,87,308,479,523,215,111,768,319,222,267,245,323,199,233,229,701,306,94,833,445,853,191,984,882,685,465,624,128,219,406,121,505,408,220,755,129,927,808,71,60,739,717,16,629,425,703,523,643,302,416,838,406,704,998,481,133,359,550,};
int holeCapacity[] = {0,0,0,0,1,0,0,0,4,0,0,3,1,1,5,0,0,4,0,2,0,0,0,0,0,0,4,0,0,1,0,1,0,0,3,0,0,0,0,0,2,0,3,3,0,0,0,0,3,0,1,0,0,0,5,0,0,0,0,1,0,0,0,0,0,0,3,0,2,2,0,1,0,0,3,0,0,0,0,1,2,0,0,0,2,0,0,0,0,0,0,0,1,0,1,0,1,0,0,1,1,0,0,0,0,0,3,1,0,0,0,2,0,0,0,0,0,0,0,2,0,1,0,0,0,2,0,0,0,0,2,3,0,0,0,0,4,0,0,0,0,2,0,0,2,0,0,0,0,0,0,0,0,0,3,2,0,0,5,0,3,3,0,0,2,0,0,0,0,0,0,0,0,1,0,0,5,2,0,0,1,0,2,0,0,0,0,1,0,1,0,3,0,0,0,0,2,0,3,0,0,0,0,0,0,0,1,0,3,0,0,0,0,0,0,0,0,0,6,1,0,0,0,1,1,3,1,0,0,0,0,0,0,0,0,2,0,0,0,0,3,0,1,0,0,0,0,0,1,0,0,0,0,0,0,0,0,0,3,0,0,0,0,0,0,0,1,0,3,0,0,0,0,0,0,0,0,0,0,3,0,0,0,0,0,0,0,0,0,4,0,0,0,0,1,0,0,0,2,0,0,0,0,0,0,0,0,0,0,4,0,1,2,0,0,2,0,0,3,0,0,0,0,0,1,1,0,0,0,0,0,0,0,0,0,0,0,0,2,0,0,1,1,0,0,0,2,4,0,0,3,3,0,0,0,3,0,0,0,2,0,0,0,0,0,3,0,0,0,0,2,0,0,0,0,0,2,0,0,0,0,0,0,0,5,0,2,5,0,0,0,5,0,0,5,6,0,0,1,2,4,0,3,0,0,5,0,0,0,1,0,0,0,0,0,2,0,2,0,0,0,0,2,2,0,0,0,0,0,0,4,0,0,0,0,0,0,6,0,0,5,4,0,3,0,0,0,0,6,0,0,3,0,0,0,0,0,0,0,0,0,0,0,0,0,0,2,0,0,0,0,0,5,0,3,2,0,0,0,0,0,5,0,1,0,0,0,3,0,0,0,0,0,0,0,0,0,0,0,0,0,0,0,2,4,0,0,0,3,0,0,0,0,6,1,0,0,0,0,0,3,0,0,0,0,0,2,0,0,0,0,0,1,0,0,0,1,0,0,0,0,0,0,3,0,3,0,0,4,0,0,0,1,0,0,0,0,1,4,0,0,0,0,0,0,0,0,0,0,0,0,0,4,0,0,0,7,3,0,0,0,0,3,0,0,0,0,0,0,0,0,0,0,0,3,0,2,0,2,4,0,0,0,0,0,0,0,0,0,2,1,0,0,0,6,0,0,0,0,5,0,0,0,0,0,0,6,0,2,0,0,0,2,0,0,0,0,0,0,0,0,0,0,0,0,0,6,0,0,3,0,0,0,0,1,0,0,0,0,0,0,0,0,0,0,0,0,5,1,0,0,0,1,0,0,0,1,0,0,0,0,0,1,0,0,4,0,0,0,0,0,0,0,0,0,3,0,0,0,0,0,0,0,0,4,0,2,0,6,0,0,0,3,0,0,1,0,0,0,0,0,0,2,0,0,7,0,1,0,2,0,0,1,1,0,0,1,3,0,0,0,1,0,0,5,0,0,4,0,2,0,0,6,0,4,0,0,3,0,0,0,0,0,0,2,0,0,0,0,0,0,0,4,0,0,0,4,0,0,0,0,0,0,0,3,0,0,0,0,0,0,0,0,0,0,0,0,1,0,0,3,0,4,0,2,0,0,0,0,0,0,0,0,0,0,2,0,0,0,0,2,0,0,0,3,0,1,0,0,0,0,0,2,0,1,0,0,0,1,0,0,2,2,0,0,2,0,0,0,3,0,2,0,4,4,0,0,0,0,4,0,0,0,0,0,2,5,0,4,0,2,0,0,0,5,0,0,0,2,0,0,0,4,2,2,0,0,0,0,0,0,0,0,0,0,2,2,2,0,4,0,0,1,0,0,3,0,1,0,0,1,1,0,0,0,0,0,0,0,0,4,0,0,0,0,0,1,2,0,2,0,0,0,0,0,0,0,0,0,0,0,0,0,0,0,3,0,0,0,0,0,0,1,2,1,0,0,0,0,0,0,0,0,0,0,0,0,0,0,0,0,0,3,0,0,0,0,0,1,0,0,0,0,0,0,0,0,0,0,0,0,0,0,0,0,5,0,2,0,0,};
//Gerado cenario 1000 ratos, densidade: 0.800000
int micePosition[] = {1661,1310,987,641,639,922,1553,1616,1840,550,1415,1568,1750,295,156,181,1226,1346,1496,1081,1449,1094,1293,1675,440,1219,1626,1191,1296,181,1707,372,1415,402,76,1771,1118,77,1583,795,1260,1322,1160,1778,1827,467,131,1093,1554,742,663,1548,16,1834,1630,819,1592,830,1755,95,503,1760,170,1619,248,795,363,1381,226,99,1378,961,720,42,74,417,1033,1116,584,1034,782,398,1987,975,1184,695,1813,311,771,766,371,1154,1982,1432,468,1599,165,1815,1027,1700,1695,179,1024,949,1301,1958,1527,1567,764,1176,1337,272,4,1193,634,1057,610,156,182,260,952,1628,1321,1365,1509,1899,294,1314,372,1539,1556,1810,1740,1242,176,1068,1436,889,508,1028,1215,452,724,367,1799,1242,1405,339,1983,1787,1771,1216,1997,1538,1368,172,1984,1348,1519,1103,1269,329,1000,113,900,180,1524,622,1625,1774,1626,1916,1135,251,174,70,803,1291,1342,1995,1529,1377,116,530,1090,414,1153,225,1760,1358,1158,572,1150,1305,1180,1439,1780,600,806,1069,447,1312,1287,662,1415,448,1435,476,1600,1772,101,406,1224,400,284,693,59,1520,75,707,222,1658,1369,327,1055,1849,1426,478,1829,217,1725,943,837,1851,91,1541,1915,1026,148,1152,467,300,978,1031,893,1496,610,1442,1727,1926,1037,502,873,680,341,140,1180,1386,1053,461,1401,1119,786,1581,1562,1073,45,498,372,15,505,106,454,1006,1432,1623,978,59,1645,581,1507,1564,1648,1073,1303,953,1706,161,97,409,1817,76,922,317,1982,271,1151,591,655,1749,933,349,1480,41,1816,1350,142,269,1126,1758,1998,1854,619,1123,941,745,607,1602,1199,380,1241,1232,125,1983,1218,55,1442,553,1974,1745,688,10,660,42,950,635,198,1748,20,794,1975,1278,1655,1750,627,28,1508,1486,1912,496,1100,1267,279,946,1314,1922,498,108,1330,310,815,309,1359,1660,1959,1595,1689,1231,1033,1711,89,1955,1882,534,731,1615,1291,1303,1416,1906,236,1791,176,1678,805,125,510,700,635,1629,1496,773,716,810,1735,1491,1987,951,1285,1682,1660,1027,295,1788,98,1538,1887,968,1614,476,1684,1638,51,938,83,177,1196,1087,1086,1590,407,1794,315,1612,141,629,1970,1541,222,329,1641,1135,1943,1466,1539,1907,60,1717,12,447,1243,1614,1998,112,1647,235,1936,1457,1968,69,1131,990,1663,1623,648,1712,805,1671,1847,1845,531,854,471,1605,1271,797,785,1648,1370,245,391,1322,276,493,592,180,521,1002,920,1985,1119,1069,242,1605,1655,224,1985,1218,191,1046,1294,1413,1933,692,747,1385,339,816,888,991,235,1169,422,867,622,882,175,1000,1793,1348,813,1853,427,1904,1063,1087,931,109,1948,220,206,1091,1938,709,801,803,1148,738,1657,1653,1764,1317,1369,1106,861,217,284,622,765,1120,987,1104,1185,552,1645,1497,1259,107,1270,1041,614,1411,1787,976,1767,200,1380,1716,60,1361,1070,1131,1951,692,1057,429,765,262,1594,47,1945,1641,606,1579,1659,1729,1093,1222,236,761,1452,1254,40,1463,147,950,480,1915,1008,1855,1586,709,995,1894,203,1319,736,62,1586,198,165,1047,80,1069,853,431,930,1361,1165,511,102,744,775,1463,1111,903,734,1172,97,121,1201,1971,42,1359,1762,772,150,1467,846,688,1108,858,1231,728,317,40,387,1624,864,1251,850,985,491,1256,1118,21,240,1199,249,1223,1459,247,1581,397,335,824,673,797,1303,1310,365,418,1711,887,1572,1088,224,195,405,348,1180,1432,1030,1159,1587,1628,972,305,654,502,1624,29,330,1076,1892,722,1237,316,559,1508,26,1536,991,247,907,623,1641,1112,1702,426,1180,1731,1314,529,1879,713,410,254,1938,840,150,1480,1652,1349,27,625,771,1654,564,1290,125,1259,1709,1113,1895,653,411,1361,822,711,315,1357,1187,1809,1129,413,156,1595,1019,1756,434,1873,582,933,1674,778,1659,196,640,1136,1,1735,259,1742,210,1535,443,1244,1151,933,132,32,188,1795,1862,489,1665,265,100,1688,1055,863,312,512,1011,59,1796,754,1080,1393,1635,1775,12,238,1499,1296,379,983,619,863,119,790,1311,268,1009,1028,949,253,858,1684,958,602,1431,697,1691,336,105,904,223,1248,1425,111,572,1395,1056,282,1851,704,946,1620,1056,1288,1003,170,1,819,1746,1281,181,1554,1558,1887,120,1184,1974,686,105,219,1655,1929,1131,184,1021,126,1362,1702,556,60,1644,469,925,1258,1250,1935,1345,1955,485,1339,1906,8,36,1857,764,1684,712,1701,827,887,1832,1264,370,1500,1874,1182,216,311,1736,707,1172,1736,276,939,1986,1186,681,1878,291,584,660,500,538,763,1935,1019,1466,1840,855,291,172,208,864,674,1997,1384,1562,344,1009,1184,777,1118,1990,830,1113,345,1361,1392,1764,218,1425,707,727,83,1799,1006,550,1061,85,1077,1593,1279,1062,1228,413,905,1592,1441,1584,1633,1892,301,460,164,386,1641,1563,1429,71,1480,364,1783,422,1737,1639,36,1468,840,269,486,1381,296,851,256,424,275,868,893,1971,546,255,372,1729,1309,1410,1735,569,622,272,1559,278,961,653,1963,1319,692,510,953,1220,1371,455,1181,829,1954,1743,1291,717,498,406,1884,1819,1316,};
int holeCapacity[] = {0,0,0,2,1,0,0,2,1,0,0,2,1,1,0,3,0,0,0,0,0,0,0,0,0,3,0,0,2,0,0,0,0,0,0,0,0,0,0,0,0,0,0,2,0,0,2,0,0,0,0,0,0,0,0,4,0,0,0,0,1,0,0,0,3,0,0,0,4,0,0,0,0,1,0,0,0,0,0,0,0,1,0,0,0,4,0,0,0,0,3,2,0,0,0,0,1,3,0,0,0,0,0,0,1,2,0,0,0,0,0,0,0,0,0,0,0,0,0,0,1,2,0,0,0,0,0,4,2,0,0,1,0,0,0,0,0,0,0,1,0,0,0,0,1,4,0,0,0,0,0,3,0,0,0,0,0,1,1,0,0,0,0,0,0,0,6,0,0,0,0,3,0,0,0,0,0,0,0,5,0,2,0,0,2,0,0,0,0,0,0,2,0,0,0,0,0,6,0,0,0,0,0,0,0,0,0,0,0,0,2,1,0,0,0,0,0,0,0,0,0,0,0,0,1,0,0,2,4,0,0,0,3,0,2,0,1,2,3,1,0,0,0,5,0,0,5,0,0,0,2,0,6,0,0,0,0,0,0,0,0,0,0,0,6,0,3,0,0,0,0,2,0,0,0,0,0,0,1,5,0,0,0,0,0,0,0,0,0,0,0,0,1,4,0,0,0,0,0,0,0,0,0,2,0,0,0,2,2,0,2,0,0,0,0,0,0,0,0,0,0,0,0,0,2,2,0,0,0,0,0,0,0,0,0,0,5,0,3,0,5,0,1,0,0,0,0,3,0,0,0,0,0,0,0,2,0,0,0,0,0,0,0,0,0,0,0,0,1,0,0,2,0,2,3,0,0,0,0,3,0,0,0,0,4,0,0,0,1,0,0,0,0,0,0,3,0,0,3,3,0,0,0,1,0,0,2,0,0,0,0,0,2,0,0,0,0,0,4,0,0,0,0,0,0,0,2,0,2,1,1,0,0,0,0,0,0,0,4,4,0,3,0,0,1,0,0,0,0,0,2,0,4,2,0,2,1,3,0,4,0,0,0,0,1,0,1,0,0,0,0,0,0,0,7,0,0,0,0,0,0,0,0,0,0,2,0,0,0,4,5,0,0,4,3,2,5,0,0,0,0,0,0,2,0,0,0,0,0,0,2,0,0,0,0,1,0,0,0,0,5,0,4,0,0,0,2,2,0,0,4,0,8,0,0,2,3,0,0,0,0,0,1,0,0,4,0,0,0,0,0,0,0,1,0,0,2,2,0,0,0,0,2,0,0,0,1,1,0,0,0,0,0,0,3,1,0,0,0,0,0,1,0,0,0,0,0,2,3,4,0,0,0,0,4,0,0,5,0,4,0,0,0,0,3,0,0,5,2,0,6,1,0,0,0,0,0,0,0,0,0,0,1,0,0,0,0,0,3,0,0,0,0,1,0,0,0,0,0,0,0,0,0,0,0,3,0,0,2,0,2,0,0,0,3,0,0,0,0,0,0,0,0,2,0,0,5,0,0,0,4,0,3,1,1,0,1,0,0,1,0,0,0,0,0,0,0,6,0,0,5,3,0,3,0,0,5,0,0,0,0,0,0,0,0,0,1,2,0,1,0,1,2,0,0,0,4,0,0,0,2,1,1,2,1,0,0,0,0,1,1,0,0,0,0,0,2,0,1,0,0,0,3,1,2,0,0,0,0,5,0,0,0,1,0,0,5,0,0,1,0,3,0,0,0,0,1,0,1,0,0,0,1,0,0,2,2,0,0,0,0,0,0,4,0,0,0,0,0,0,0,2,0,0,0,0,3,0,0,0,6,0,0,0,0,1,0,0,0,4,1,0,0,0,0,0,0,0,0,4,0,3,0,0,2,0,0,0,0,1,0,0,0,8,0,1,0,0,3,0,3,0,0,0,2,0,0,0,0,0,1,0,5,3,0,0,0,1,0,0,0,3,0,1,0,0,1,0,0,0,0,0,0,4,0,0,0,4,2,0,0,0,0,0,0,0,0,4,0,0,0,1,1,2,0,1,0,3,0,0,0,0,0,0,1,0,0,1,0,0,5,0,0,0,0,0,4,1,0,0,1,0,0,0,0,0,1,0,0,0,2,0,0,0,0,0,0,0,0,1,0,1,0,0,0,0,0,0,0,0,0,0,0,0,0,1,0,0,0,0,0,0,0,0,1,0,1,0,4,0,0,0,3,0,0,0,0,0,0,7,0,0,0,0,4,0,0,0,0,0,0,0,0,0,0,2,0,1,0,0,0,0,0,2,0,0,0,0,1,0,0,0,0,0,1,0,0,2,0,0,3,0,3,4,1,0,0,0,4,0,0,0,0,0,0,7,0,4,0,0,0,0,0,0,7,0,0,0,0,0,0,0,0,3,2,3,0,0,3,0,0,4,0,0,0,0,0,0,0,0,1,4,1,2,0,0,1,2,3,0,0,3,0,0,6,3,0,0,0,0,0,0,0,0,2,0,0,0,0,0,0,0,0,0,0,0,0,4,6,0,0,2,0,0,0,0,4,0,0,1,0,0,0,0,0,0,4,3,0,0,0,4,0,2,0,0,0,0,0,0,0,0,0,0,0,0,0,6,3,0,2,2,0,0,1,0,0,0,0,0,0,0,0,0,1,0,1,0,1,3,0,0,0,0,0,2,4,0,1,2,0,0,0,0,0,0,1,0,0,0,0,1,0,0,0,0,0,0,0,4,0,3,3,2,1,0,0,0,1,0,4,0,0,0,0,0,0,0,0,4,0,1,3,2,1,0,0,0,0,0,3,0,0,0,4,0,0,0,2,0,0,0,0,0,0,0,3,1,2,0,0,0,0,0,0,0,0,0,0,0,0,3,0,0,3,0,0,0,3,0,0,0,0,0,0,0,0,0,2,0,3,2,3,2,3,0,0,0,0,0,0,1,0,0,0,1,0,0,2,1,0,0,0,0,0,0,0,0,0,0,0,0,0,0,0,0,0,0,0,0,1,3,0,0,0,0,5,0,0,0,0,0,1,0,0,0,0,0,0,0,1,0,0,0,0,0,0,0,0,0,0,1,0,0,0,5,1,0,0,0,2,4,0,0,1,0,0,0,1,0,5,2,4,0,0,2,0,0,0,1,1,2,0,0,0,0,0,0,0,0,0,0,0,1,0,0,0,0,8,0,0,0,3,3,0,4,0,0,0,0,2,0,0,3,2,0,0,0,0,0,0,2,2,0,0,0,0,6,0,0,0,0,3,0,2,0,0,0,0,2,0,0,0,2,2,0,2,0,0,0,4,0,0,3,4,0,0,0,0,0,0,4,2,0,0,0,0,1,0,0,2,0,0,0,0,0,1,0,0,2,0,0,1,0,0,0,0,0,0,0,0,0,1,0,0,0,0,0,4,0,0,0,1,0,0,0,4,0,0,0,0,0,0,0,0,0,0,0,0,0,0,0,1,0,0,0,0,0,0,4,0,0,0,0,0,3,2,0,6,0,0,6,0,0,0,0,0,2,0,0,0,0,0,0,0,0,0,0,0,0,0,0,0,0,0,3,0,0,0,0,0,0,0,0,0,0,0,0,0,2,0,0,0,0,0,0,0,0,0,0,0,0,1,2,0,0,0,0,0,0,0,0,1,0,0,4,0,0,0,0,0,0,3,0,0,0,0,1,0,4,0,0,0,0,0,0,0,0,0,0,4,0,0,0,0,0,0,0,0,0,0,0,0,0,0,0,0,0,0,0,1,0,5,0,3,1,1,0,1,0,0,0,0,1,0,1,0,0,1,5,0,0,0,0,0,0,0,0,3,0,0,3,1,1,1,1,0,0,1,0,0,0,0,0,1,0,0,0,0,0,0,0,0,0,0,0,1,0,0,0,0,0,0,0,0,0,2,0,0,0,0,0,0,3,2,0,0,0,0,2,0,0,0,0,0,0,0,0,0,0,0,3,0,0,0,0,0,0,0,6,0,0,5,4,1,2,3,1,0,0,0,0,0,0,0,0,0,0,2,0,0,1,0,0,0,0,0,0,0,0,0,0,1,0,0,0,4,0,0,0,0,0,0,0,4,0,0,0,2,0,0,0,1,4,0,0,0,1,0,0,7,0,0,5,0,0,1,4,0,1,4,0,0,2,0,0,0,0,0,0,0,2,0,3,0,0,5,0,0,0,0,0,2,0,0,0,0,0,0,2,5,0,0,0,0,0,0,2,0,2,0,2,0,0,0,0,0,0,0,1,0,6,0,0,0,0,0,0,0,0,0,0,0,0,0,0,0,0,6,0,1,3,0,0,0,1,2,4,0,0,4,0,0,0,0,3,6,0,0,4,0,0,3,0,1,5,0,0,2,4,1,0,0,0,0,0,0,0,0,0,0,1,0,0,0,5,0,0,1,2,0,0,0,0,1,0,1,0,0,0,0,0,0,0,0,6,4,1,0,0,0,0,0,0,0,0,0,2,0,0,0,0,0,0,5,0,2,0,0,0,3,0,5,0,0,0,0,0,1,0,0,0,0,0,0,0,0,4,0,0,};
